#Insertion sort
#n time_s_avg time_s_std (for 3 trials)
1 0.02418983300109782 0.033632472221555396
2 0.0007840246665485514 9.070277019525396e-05
3 0.002210630331925737 0.0016475079277781406
4 0.0026449926687443317 0.00044079039233410074
5 0.0039370973366506705 0.0016902859854263108
6 0.0037412573316638977 0.00024898467899989553
7 0.005242961000476498 0.0007585691428717814
8 0.008643814333481714 0.003869666842668933
9 0.01742217500092617 0.007518973520904596
10 0.011108354000801532 0.0036926700430111796
